@    title "Magnitude of Electric Field"
@    xaxis  label "Residues"
@    yaxis  label "MV/cm"
#time              Ef_per_res     Std.Dev        Alignment%     Alignment_Std
@type xydy
1                  4.018853       0.352597      11.352895       2.957466
2                  0.122364       0.026068       0.334915       0.115215
3                  0.083137       0.012384       0.089776       0.064327
4                  1.841985       0.184925       5.329529       1.329297
5                  0.063146       0.008485       0.149937       0.050790
6                  0.051693       0.013599       0.137828       0.060858
7                  0.039389       0.007221       0.072543       0.041036
8                  0.063005       0.018990       0.073315       0.076879
9                  0.032673       0.009527       0.051433       0.034507
10                 0.044659       0.012149       0.068067       0.051243
11                 0.043189       0.010376       0.067619       0.051282
12                 0.040417       0.004597       0.062364       0.031292
13                 0.031746       0.005543       0.025370       0.018765
14                 1.026066       0.056977       2.489424       0.759457
15                 1.579959       0.081804       3.391407       1.184957
16                 1.162147       0.040511       2.665054       0.839277
17                 0.053097       0.007135       0.074509       0.043919
18                 0.026895       0.003604       0.066780       0.020869
19                 0.039294       0.003555       0.084757       0.033784
20                 0.055196       0.008259       0.148519       0.043066
21                 0.071065       0.007569       0.136370       0.054342
22                 1.213883       0.113327       2.912092       0.892982
23                 0.029420       0.005288       0.056234       0.024362
24                 0.900454       0.049524       1.887077       0.650452
25                 0.020102       0.004016       0.029506       0.021127
26                 0.043406       0.006249       0.088760       0.035542
27                 0.031014       0.003650       0.089894       0.024293
28                 0.023789       0.002483       0.051057       0.020361
29                 0.023095       0.002643       0.035653       0.018772
30                 0.940606       0.036342       1.730235       0.677356
31                 0.018809       0.001673       0.055049       0.013468
32                 0.024559       0.004837       0.041804       0.024725
33                 0.023660       0.005916       0.034964       0.022411
34                 1.262048       0.060611       2.331471       0.908127
35                 0.042689       0.003225       0.067404       0.033838
36                 0.051340       0.007669       0.064373       0.041352
37                 0.032438       0.003007       0.079315       0.024518
38                 0.059939       0.019798       0.110257       0.060732
39                 0.061534       0.017382       0.082696       0.060568
40                 0.078798       0.017616       0.125777       0.071223
41                 0.080118       0.018037       0.090079       0.073850
42                 0.103725       0.020369       0.143831       0.088888
43                 0.103919       0.035347       0.084288       0.074085
44                 0.095369       0.039303       0.129371       0.088574
45                 0.082245       0.014242       0.147606       0.069951
46                 0.142563       0.023384       0.101201       0.074938
47                 0.158641       0.025733       0.115464       0.097246
48                 0.133386       0.026295       0.332573       0.109154
49                 0.093656       0.037936       0.177175       0.082963
50                 0.266369       0.079766       0.578681       0.287722
51                 0.098296       0.033410       0.086241       0.077951
52                 0.065950       0.023002       0.068472       0.051753
53                 0.093065       0.021255       0.095184       0.074291
54                 0.103490       0.023729       0.115026       0.085312
55                 0.083405       0.015292       0.088907       0.066122
56                 0.079540       0.008412       0.127364       0.065360
57                 4.060805       0.131758       6.378936       3.202724
58                 2.826771       0.328377       5.871285       2.278728
59                 6.316069       0.251898      10.467351       5.047439
60                 2.593986       0.135987       2.745082       1.867053
61                 2.252053       0.102313       3.511050       1.701242
62                 0.126249       0.030936       0.270197       0.133576
63                 0.063914       0.011335       0.068820       0.054462
64                 0.121433       0.033314       0.128423       0.099577
65                 0.123036       0.011288       0.221178       0.098004
66                 0.112024       0.015128       0.218513       0.099277
67                 0.100627       0.012085       0.187229       0.084516
68                 0.061004       0.028830       0.076237       0.062247
69                 1.157097       0.034173       2.180809       0.839736
70                 0.093345       0.027903       0.227757       0.108115
71                 0.061864       0.009619       0.111322       0.049378
72                 1.581207       0.164153       1.953530       1.116704
73                 0.039256       0.005383       0.027435       0.021902
74                 1.290773       0.073126       1.734833       0.911687
75                 0.074264       0.010323       0.090610       0.058728
76                 0.086350       0.035614       0.080308       0.068638
77                 0.067698       0.009384       0.060716       0.041487
78                 0.096948       0.035015       0.171700       0.117037
79                 0.105347       0.017504       0.278554       0.084305
80                 0.075251       0.011037       0.177033       0.061413
81                 0.041815       0.010843       0.060191       0.054821
82                 0.068070       0.008688       0.164206       0.050556
83                 0.049559       0.009648       0.107168       0.056069
84                 2.351467       0.259210       4.827608       1.780620
85                 0.080849       0.012904       0.213875       0.064475
86                 2.326406       0.205444       2.321909       1.509044
87                 0.135390       0.022947       0.299032       0.110069
88                 0.067193       0.013374       0.135952       0.053022
89                 0.086995       0.011857       0.142206       0.062615
90                 0.052749       0.014781       0.094128       0.051544
91                 0.054595       0.005782       0.069149       0.040994
92                 0.037197       0.008140       0.078869       0.032382
93                 0.033711       0.010800       0.048589       0.032733
94                 0.033268       0.003450       0.022774       0.018026
95                 0.017640       0.008872       0.027564       0.022186
96                 1.256017       0.069490       1.264607       0.796065
97                 1.871309       0.195765       1.251939       0.977384
98                 0.154929       0.042903       0.150844       0.113255
99                 0.093021       0.017171       0.081765       0.062734
100                3.133216       0.334527       3.399617       2.045470
101                0.086819       0.022275       0.099162       0.078036
102                6.902155       0.290102       5.003017       3.634825
103                2.083250       0.081880       1.327387       1.149459
104                0.203387       0.047841       0.485354       0.202167
105                0.274971       0.021075       0.231761       0.189888
106                0.131613       0.015136       0.203324       0.112562
107                0.161791       0.066753       0.212863       0.163510
108                0.095991       0.014379       0.119038       0.069312
109                0.108113       0.031179       0.142400       0.079931
110                0.081253       0.029347       0.116617       0.067785
111                0.080074       0.023329       0.155939       0.071420
112                2.082266       0.153236       1.980165       1.198808
113                2.259179       0.086176       1.448038       1.058968
114                2.093945       0.095488       2.030286       1.162989
115                1.808052       0.160344       1.995893       1.113290
116                0.133566       0.015283       0.364223       0.110555
117                0.161650       0.018159       0.460240       0.108831
118                0.097242       0.011852       0.264078       0.074004
119                0.138949       0.028126       0.292983       0.123217
120                0.195531       0.015738       0.410891       0.164441
121                0.241439       0.029413       0.611922       0.195738
122                0.105488       0.009221       0.142162       0.088293
123                0.172674       0.017389       0.144504       0.116023
124                4.735148       0.168805      11.560719       2.856892
125                0.172019       0.039103       0.230333       0.152743
126                0.067914       0.026591       0.172595       0.093102
127                0.099097       0.010876       0.206745       0.100006
128                0.185512       0.043714       0.378222       0.187179
129                0.112569       0.047465       0.188325       0.149473
130                0.193931       0.093681       0.422101       0.283800
131                0.095864       0.050054       0.150343       0.126638
132                0.141809       0.034634       0.281447       0.174566
133                0.157689       0.027763       0.419096       0.152511
134                2.673908       0.387182       7.425521       2.009958
135                0.057391       0.030939       0.100076       0.085851
136                0.135798       0.055777       0.355431       0.193154
137                0.134418       0.034024       0.139257       0.117864
138                0.081459       0.015410       0.138991       0.073587
139                0.079664       0.035318       0.153366       0.114195
140                0.071131       0.034099       0.140048       0.109227
141                0.070654       0.016448       0.140961       0.084997
142                0.037975       0.022259       0.065007       0.047804
143                0.037642       0.029768       0.061447       0.076884
144                0.028264       0.007110       0.033502       0.029919
145                0.035938       0.011030       0.043859       0.036947
146                0.034724       0.013456       0.053042       0.049060
147                0.071474       0.012705       0.177806       0.071557
148                0.058046       0.021088       0.110319       0.082955
149                0.102528       0.011445       0.287055       0.081219
150                2.258072       0.334770       6.562579       1.707090
151                0.114800       0.044137       0.221603       0.158137
152                0.141871       0.017381       0.288247       0.135430
153                0.561837       0.042770       1.613473       0.372082
154                0.400483       0.046062       1.103729       0.331400
155                0.585603       0.094215       1.024220       0.524169
156                5.672255       0.191775      15.751309       3.491467
157                0.499275       0.051987       1.138427       0.436605
158                1.270839       0.130768       3.368026       1.104043
159                1.392480       0.120748       3.558262       1.152674
160                0.837043       0.107909       1.724513       0.753847
161                1.051948       0.167768       1.286959       0.862000
162                9.959943       2.021079      19.434290       8.846938
163                0.973936       0.148516       0.761818       0.694296
164                0.555991       0.056872       1.358006       0.421468
165                1.368622       0.144011       3.914421       1.026329
166                1.847212       0.409898       3.275154       1.654639
167                4.744840       0.414444      10.078566       3.849851
168                6.359579       0.453585       6.713428       4.932702
169                0.191512       0.035455       0.220302       0.129601
170                0.091117       0.018993       0.072075       0.062832
171                0.070551       0.014617       0.089581       0.074384
172                0.070036       0.014543       0.109765       0.065290
173                0.067633       0.028006       0.123485       0.073287
174                0.066674       0.028237       0.102756       0.075844
175                0.091572       0.041447       0.153398       0.108164
176                0.128446       0.023510       0.287326       0.108390
177                0.190518       0.033474       0.451735       0.149653
178                3.581511       0.398971       2.807159       2.410946
179                4.436302       0.451489       3.351367       2.360581
180                0.440643       0.056797       0.548263       0.368463
181               20.372311       0.888929      14.478555      13.011087
182                0.842321       0.101925       1.044473       0.741208
183                3.733674       0.476110       4.511321       2.660031
184               12.046807       1.091713      13.026859       7.413727
185               11.211335       1.121072       9.447316       6.274570
186                0.997694       0.072720       1.474920       0.654538
187                0.630254       0.099673       0.957257       0.500965
188                0.937478       0.076145       1.119842       0.665184
189                4.819519       1.092823      12.065225       4.426177
190                1.614698       0.219680       1.758821       1.128144
191                0.776951       0.093138       0.983799       0.517504
192                1.619966       0.303246       4.500758       1.542635
193               10.261152       1.867140      20.587025       8.999896
194                7.021735       0.240971       5.452976       4.231141
195                0.771605       0.078299       0.489099       0.419377
196                1.197086       0.321050       1.211367       0.940866
197                1.191185       0.149193       0.853751       0.683039
198                0.452640       0.033343       0.280902       0.230037
199                0.574738       0.188556       0.977901       0.635841
200                0.346531       0.065592       0.429064       0.314161
201                4.677043       0.186825       5.307884       3.005354
202                3.171400       0.195204       5.567059       2.287925
203                3.193254       0.151807       7.946049       2.182778
204                0.270446       0.018479       0.432505       0.193828
205                0.239813       0.050734       0.192289       0.152720
206                2.548027       0.349518       5.814465       1.954530
207                0.158880       0.020799       0.352619       0.111336
208                0.126734       0.023296       0.285070       0.117101
209                0.082258       0.008038       0.198982       0.057547
210                2.113568       0.126322       2.878847       1.408175
211                2.046374       0.203032       3.111039       1.487432
212                0.125165       0.030007       0.159474       0.106841
213                0.143818       0.010979       0.092830       0.076479
214                0.252814       0.030218       0.537624       0.195351
215                0.333954       0.035346       0.831919       0.214315
216                0.695086       0.070239       0.666116       0.401056
217                0.547430       0.046401       0.770142       0.436546
218                0.697471       0.065878       1.205005       0.575222
219                4.068480       0.146354       6.957243       3.232355
220                0.976790       0.129879       0.705517       0.612908
221                3.904811       0.146620       8.416349       3.080080
222                2.786167       0.112890       6.613890       2.143312
223                0.142488       0.018544       0.285187       0.117249
224                2.337911       0.180939       4.515994       1.801726
225                2.844477       0.201168       3.553860       2.087269
226                0.153112       0.023308       0.441103       0.120747
227                0.155758       0.020028       0.356856       0.123381
228                0.218178       0.030676       0.537144       0.167599
229                0.077501       0.017417       0.142276       0.070795
230                0.165565       0.051453       0.217880       0.112537
231                2.305565       0.113941       1.615609       1.129591
232                2.003538       0.090936       1.248186       0.934340
233                0.172985       0.024956       0.251233       0.144858
234                0.217615       0.103429       0.212215       0.219340
235                0.316230       0.023700       0.175340       0.151407
236                0.140195       0.037273       0.303830       0.095339
237                2.590616       0.328850       1.628489       1.407654
238                0.032095       0.030386       0.055959       0.065392
239                0.058258       0.011176       0.103093       0.048391
240                0.050036       0.016183       0.084526       0.055418
241                0.145218       0.039726       0.104995       0.087746
242                0.124658       0.022126       0.148993       0.100564
243                0.223697       0.101937       0.212029       0.156905
244                0.118994       0.012154       0.322567       0.088064
245                0.153505       0.022982       0.103903       0.078514
246                0.124671       0.040319       0.297399       0.093537
247                0.054914       0.013374       0.118029       0.052691
248                0.059992       0.014475       0.077154       0.052048
249                0.106636       0.016512       0.181803       0.095114
250                0.107298       0.012345       0.113318       0.084119
251                0.142786       0.014632       0.228460       0.121230
252                0.105593       0.020000       0.145256       0.102951
253                0.101238       0.026383       0.134072       0.096962
254                0.145006       0.019916       0.236013       0.119294
255                0.193483       0.063056       0.467248       0.243647
256                0.486212       0.031036       0.975879       0.331122
257                0.535714       0.049857       0.980263       0.444206
258                0.459580       0.123894       0.934785       0.507491
259                0.256129       0.096404       0.360559       0.290527
260                3.264464       0.280754       6.012709       2.555841
261                0.478585       0.150238       0.431405       0.379791
262                3.880160       0.460148       3.996353       2.934294
263                2.372541       0.202551       3.806179       1.969873
264                0.122994       0.052406       0.174221       0.149809
265                0.310259       0.054268       0.377996       0.224747
266                0.146100       0.031334       0.231864       0.141780
267                0.139920       0.051250       0.215885       0.159776
268                0.168762       0.046212       0.158101       0.131780
269                0.119728       0.028477       0.096021       0.083041
270                0.258027       0.025286       0.592650       0.237065
271                0.204999       0.034219       0.287992       0.221847
272                0.227699       0.102304       0.521647       0.392419
273                0.182511       0.062849       0.334576       0.205475
274                0.211246       0.089805       0.481858       0.305299
275                0.220081       0.096139       0.420342       0.309324
276                3.143085       0.367005       6.683551       2.437996
277                0.218733       0.046444       0.575842       0.165375
278                0.239849       0.027236       0.277616       0.195697
279                0.374800       0.029447       0.513611       0.243044
280                0.414966       0.084093       0.409794       0.253208
281                6.012976       0.205405       3.700465       2.777101
282                0.165850       0.057058       0.353855       0.168850
283                0.345678       0.038071       0.394617       0.248478
284                0.241120       0.044653       0.285441       0.203335
285                0.243158       0.106157       0.282025       0.247137
286                0.323266       0.158556       0.415597       0.344461
287                2.928071       0.710198       4.394577       2.786147
288                2.506530       0.779407       3.722860       2.252617
289                0.157050       0.076811       0.344218       0.247811
290                3.875395       1.809697       6.576535       4.241100
291                0.229443       0.097871       0.362769       0.252317
292                0.166336       0.078850       0.301749       0.201714
293                2.887777       0.507547       7.040140       2.721495
294                0.418445       0.037357       0.747493       0.335975
295                0.357631       0.049722       0.988053       0.320309
296                0.318177       0.064239       0.839317       0.293521
297                0.212343       0.043065       0.458827       0.216192
298                0.110474       0.009692       0.101401       0.072934
299                4.151122       0.210135      12.046472       2.933899
300                0.201672       0.014474       0.184377       0.125742
301                2.789951       0.141563       7.037334       2.064122
302                0.155927       0.015535       0.344346       0.137206
303                0.267057       0.042746       0.283399       0.223149
304                0.139877       0.014936       0.199974       0.121779
305                0.185908       0.025971       0.537098       0.161395
306                0.133702       0.012796       0.147166       0.104870
307                0.080784       0.033346       0.139541       0.105309
308                0.174132       0.081584       0.380794       0.304828
309                0.498923       0.079057       1.357784       0.417064
310                5.938965       0.196523      11.181673       3.701754
311                0.169877       0.064021       0.210193       0.179385
312                0.110006       0.013035       0.117315       0.077561
313                0.144256       0.010632       0.320334       0.124198
314                0.316487       0.059309       0.335050       0.236987
315                4.461580       0.178326       7.710475       2.751975
316                7.606062       1.176289      10.655061       5.463183
317                0.163741       0.050961       0.210058       0.147523
318                0.214310       0.027536       0.630396       0.175935
319                0.238447       0.071861       0.446993       0.201440
320                0.124704       0.026670       0.256244       0.149235
321                0.435323       0.049479       1.278888       0.358393
322                0.595584       0.049031       1.790469       0.427104
323                8.840266       0.330182      16.524334       5.492254
324                1.444739       0.136673       3.659080       0.982320
325                0.613230       0.057711       1.049305       0.509317
326                1.333654       0.111300       2.939779       1.116431
327               23.273779       1.561033      49.924858      14.519955
328                0.351260       0.153094       0.428357       0.426082
329                0.596669       0.143405       0.868088       0.542753
330                0.326839       0.046055       0.966569       0.259949
331                3.332356       0.143542       9.963480       2.165505
332                0.187013       0.027124       0.496228       0.149436
333                0.192751       0.087202       0.469334       0.350516
334                0.130544       0.030589       0.330214       0.154694
335                0.156770       0.022695       0.331324       0.173714
336                0.189758       0.030721       0.548116       0.165467
337                0.267777       0.111043       0.649633       0.388713
338                0.303010       0.133759       0.610709       0.445049
339                0.300673       0.129475       0.612920       0.396176
340                0.206331       0.099884       0.314754       0.267221
341                0.402321       0.141128       0.737728       0.527611
342                0.640578       0.253102       1.306471       0.949396
343                1.065623       0.164405       2.764784       0.830985
344                1.095803       0.069281       0.669136       0.543202
345               13.398487       1.817497      20.051832      10.140822
346                4.043668       1.381791       8.268352       4.843814
347                0.741058       0.067652       1.457235       0.576981
348                1.689682       0.170100       4.900791       1.211167
349               14.970654       1.407746      39.089706      10.259048
350                0.733007       0.059949       2.100251       0.472085
351                0.612148       0.066397       1.356735       0.461229
352                1.113543       0.207797       1.468934       0.846341
353                0.663313       0.267368       0.834083       0.623942
354                0.555873       0.087615       0.436942       0.315868
355                1.015124       0.181390       1.345403       0.920405
356                4.853651       1.342956       3.092040       2.608291
357                0.767081       0.475487       0.647705       0.672007
358                2.307245       0.737032       4.904932       2.209752
359                6.150410       1.236477      15.792662       6.695626
360                2.628667       0.619298       7.109972       2.579470
361                1.117441       0.190501       1.061126       0.871322
362                6.973234       1.532106       6.908339       4.757808
363                1.634658       0.393042       4.535141       1.680394
364                1.754855       0.166180       2.067931       1.371318
365                9.869981       0.427521       9.209718       5.428113
366                0.649397       0.132023       0.481955       0.377148
367                1.086434       0.094649       1.434136       0.861874
368                8.629713       1.004231      17.920500       7.009727
369                1.601807       0.261459       1.358647       1.083506
370                0.804851       0.082584       0.886090       0.534265
371                6.039513       1.305900       8.911105       4.561321
372               13.838573       2.143786      27.982574      10.024551
373                0.758583       0.079093       0.921640       0.501629
374                0.982619       0.103800       0.985827       0.727133
375                2.148552       0.201720       2.917503       1.683794
376                9.047254       0.386493       6.932480       5.521636
377                0.806993       0.071028       0.939871       0.631550
378                0.749833       0.050497       1.518462       0.591184
379                0.622082       0.051727       0.541708       0.423023
380                4.073947       0.101774       3.952006       2.781822
381                3.407019       0.214686       6.922787       2.724726
382                0.217518       0.028034       0.508111       0.187614
383                0.268697       0.017630       0.251673       0.183777
384                3.239505       0.079677       3.449609       2.347670
385                2.740212       0.121653       6.441571       2.062670
386                0.282532       0.030643       0.664632       0.228385
387                2.026125       0.192480       2.892187       1.526852
388                0.095806       0.010993       0.218233       0.074351
389                0.132531       0.027369       0.269038       0.106539
390                0.131575       0.015376       0.198595       0.090041
391                1.993731       0.109257       1.923707       1.190867
392                0.117959       0.010476       0.154635       0.090417
393                0.093808       0.033047       0.156063       0.107370
394                0.173482       0.017075       0.271836       0.132127
395                0.078080       0.026537       0.163383       0.062560
396                0.088280       0.014494       0.207649       0.068708
397                0.104873       0.028417       0.179584       0.132264
398                0.292310       0.021448       0.448632       0.185958
399                0.310224       0.021835       0.307692       0.202437
400                0.564324       0.052720       0.327265       0.279292
401                0.258215       0.076320       0.299440       0.189623
402                1.074000       0.095632       1.154159       0.832765
403                0.262816       0.095481       0.167487       0.157177
404                2.431884       0.091111       1.928213       1.325962
405                2.450170       0.152950       1.501671       1.242709
406                0.283950       0.069461       0.380368       0.224809
407                0.259726       0.037231       0.222913       0.162182
408                0.411216       0.252905       0.314839       0.309156
409                0.974654       0.087901       1.481871       0.745003
410                0.320251       0.078740       0.794678       0.329596
411                0.478105       0.068723       0.945990       0.397492
412                0.132073       0.028796       0.379264       0.114083
413                0.339178       0.024237       0.718981       0.254570
414                0.160837       0.017421       0.211314       0.129056
415                0.212824       0.052059       0.320334       0.231230
416                2.547095       0.111153       2.201004       1.599648
417                0.901927       0.067999       0.583302       0.463091
418                0.138754       0.024209       0.212828       0.116447
419                2.885472       0.140849       2.121214       1.631999
420                0.333851       0.054960       0.337084       0.245136
421                0.175116       0.041224       0.231669       0.140528
422                2.609996       0.181371       1.601474       1.285275
423                0.222596       0.027124       0.562906       0.183200
424                0.134844       0.029361       0.144634       0.105449
425                2.332913       0.092125       2.115144       1.600577
426                2.108208       0.082399       1.303272       1.044430
427                0.126627       0.015302       0.323921       0.089587
428                0.086086       0.010309       0.189735       0.068669
429                0.343842       0.051489       0.311669       0.234698
430                2.984643       0.091388       2.161212       1.809978
431                0.230526       0.116653       0.275671       0.237029
432                2.317324       0.198576       1.902164       1.584588
433                0.291616       0.074581       0.207093       0.169563
434                0.126814       0.025357       0.144137       0.118583
435                0.134409       0.039622       0.170456       0.129970
436                3.800150       0.534791       5.563237       3.346117
