@    title "Magnitude of Electric Field"
@    xaxis  label "Residues"
@    yaxis  label "MV/cm"
#time              Efproj_res     Std.Dev        AVG_align%     Std_align%
@type xydy
1                  1.657873       0.368126       5.312399       1.716505
2                  0.097037       0.021505       0.308992       0.093914
3                  0.011019       0.008229       0.035220       0.027960
4                  1.031898       0.211045       3.297870       0.997542
5                  0.018666       0.008643       0.059524       0.030778
6                  0.034956       0.008317       0.111652       0.036250
7                  0.006883       0.005469       0.021929       0.018270
8                  0.029705       0.012866       0.095009       0.046744
9                  0.018842       0.011158       0.060888       0.039848
10                 0.016413       0.014129       0.052249       0.047246
11                 0.029924       0.012944       0.095405       0.046315
12                 0.036492       0.005518       0.116535       0.030531
13                 0.020355       0.004116       0.065014       0.019273
14                 0.141182       0.076354       0.452950       0.272256
15                 0.099830       0.073585       0.320242       0.252988
16                 0.094771       0.067169       0.304276       0.232230
17                 0.007862       0.005419       0.025072       0.018441
18                 0.015569       0.004213       0.049757       0.017493
19                 0.036342       0.004112       0.115987       0.027677
20                 0.022616       0.005683       0.072389       0.024691
21                 0.016076       0.009529       0.051397       0.033185
22                 0.340898       0.132348       1.090839       0.497252
23                 0.004259       0.003409       0.013722       0.011893
24                 0.096746       0.069235       0.310637       0.239611
25                 0.003490       0.002847       0.011258       0.010090
26                 0.006576       0.004650       0.021178       0.016283
27                 0.018241       0.002671       0.058336       0.015471
28                 0.022490       0.002331       0.071872       0.017280
29                 0.016492       0.003037       0.052696       0.015108
30                 0.106281       0.073612       0.339686       0.253154
31                 0.012374       0.003003       0.039526       0.012960
32                 0.006487       0.004571       0.020800       0.015940
33                 0.012729       0.006824       0.040661       0.024010
34                 0.119513       0.090020       0.383512       0.310269
35                 0.010297       0.004807       0.032797       0.017018
36                 0.018296       0.006534       0.058287       0.024344
37                 0.007234       0.003800       0.023223       0.013583
38                 0.014559       0.011408       0.046570       0.038900
39                 0.011696       0.012829       0.037213       0.041955
40                 0.015384       0.009851       0.049067       0.033928
41                 0.032668       0.013014       0.104341       0.048094
42                 0.027080       0.017265       0.086041       0.057528
43                 0.053229       0.035339       0.170442       0.121494
44                 0.033756       0.027023       0.107671       0.090217
45                 0.025115       0.019444       0.080238       0.065369
46                 0.112024       0.020097       0.357705       0.101132
47                 0.081248       0.022553       0.259637       0.092039
48                 0.110898       0.035076       0.356091       0.139882
49                 0.076594       0.027927       0.243170       0.098752
50                 0.201642       0.086707       0.651354       0.326783
51                 0.041894       0.022270       0.133138       0.075353
52                 0.036111       0.015851       0.114291       0.052736
53                 0.063006       0.018968       0.202090       0.075476
54                 0.040084       0.015463       0.127954       0.056260
55                 0.036056       0.010436       0.115223       0.041837
56                 0.070114       0.009852       0.223785       0.056625
57                 0.258596       0.194865       0.824683       0.655381
58                 0.292374       0.184674       0.935780       0.638389
59                 0.464051       0.340087       1.490184       1.175434
60                 0.810847       0.193671       2.585996       0.822577
61                 0.398636       0.159873       1.274803       0.595734
62                 0.056361       0.030134       0.180474       0.105821
63                 0.039754       0.018173       0.126458       0.063281
64                 0.041402       0.015661       0.132521       0.059258
65                 0.013532       0.010255       0.042983       0.034087
66                 0.012431       0.008674       0.039585       0.029213
67                 0.011764       0.008446       0.037289       0.028024
68                 0.027486       0.024264       0.086883       0.079083
69                 0.143341       0.081200       0.457272       0.282524
70                 0.037478       0.012679       0.119895       0.049368
71                 0.008960       0.006221       0.028534       0.021064
72                 0.537971       0.151722       1.717924       0.617972
73                 0.024771       0.005584       0.079241       0.025323
74                 0.326840       0.132071       1.043772       0.489262
75                 0.022437       0.011030       0.071481       0.038833
76                 0.033472       0.015021       0.106350       0.053044
77                 0.055842       0.005872       0.178415       0.042802
78                 0.032029       0.018958       0.101911       0.064836
79                 0.051847       0.011718       0.165989       0.053535
80                 0.044311       0.011605       0.141150       0.046955
81                 0.017239       0.012281       0.054745       0.041136
82                 0.016116       0.007336       0.051644       0.026818
83                 0.010530       0.009852       0.033837       0.033623
84                 0.393664       0.234586       1.261732       0.822865
85                 0.043756       0.009690       0.139879       0.043940
86                 0.784510       0.262439       2.505703       1.015448
87                 0.072374       0.023046       0.231504       0.091186
88                 0.021514       0.012239       0.068685       0.042516
89                 0.019984       0.011482       0.064023       0.040344
90                 0.029060       0.012983       0.092751       0.046684
91                 0.016354       0.007758       0.052009       0.027173
92                 0.004969       0.003710       0.015887       0.012653
93                 0.010535       0.008587       0.033583       0.028729
94                 0.022444       0.003628       0.071594       0.018858
95                 0.009838       0.006409       0.031407       0.021831
96                 0.171342       0.119913       0.548026       0.411050
97                 0.641497       0.239446       2.048933       0.899310
98                 0.093877       0.047426       0.300942       0.169676
99                 0.036186       0.016978       0.115548       0.060355
100                0.347710       0.260583       1.114075       0.893884
101                0.042876       0.017443       0.136730       0.063440
102                0.722951       0.537618       2.314195       1.834791
103                0.230763       0.174712       0.736540       0.590980
104                0.150154       0.027101       0.479853       0.135554
105                0.059824       0.029448       0.190313       0.102497
106                0.017829       0.012745       0.057106       0.043669
107                0.034115       0.022021       0.108826       0.075105
108                0.017581       0.013072       0.056096       0.044055
109                0.065460       0.021788       0.209361       0.084615
110                0.053547       0.024542       0.171084       0.087846
111                0.059410       0.020423       0.189643       0.077449
112                0.847503       0.240919       2.706355       0.974684
113                1.241985       0.213643       3.960726       1.072095
114                1.349407       0.188255       4.307356       1.092128
115                0.818238       0.206706       2.612774       0.875670
116                0.070192       0.022580       0.225258       0.090313
117                0.129766       0.018882       0.415097       0.110220
118                0.082459       0.016751       0.263236       0.077704
119                0.052321       0.019504       0.167310       0.073793
120                0.041875       0.026994       0.133667       0.092429
121                0.212904       0.046734       0.679173       0.207348
122                0.027720       0.015938       0.088449       0.055303
123                0.051881       0.032745       0.165766       0.112908
124                4.537431       0.217264      14.496720       3.183603
125                0.086719       0.046563       0.277026       0.162656
126                0.038408       0.024410       0.122968       0.084229
127                0.044321       0.016644       0.141826       0.063280
128                0.095825       0.034546       0.304784       0.128543
129                0.053500       0.038280       0.169728       0.127296
130                0.106097       0.068519       0.334768       0.227730
131                0.032170       0.024050       0.101377       0.078064
132                0.025744       0.017819       0.082346       0.061606
133                0.070142       0.029521       0.225207       0.112588
134                1.280897       0.200363       4.085881       1.063201
135                0.026422       0.021242       0.084468       0.072273
136                0.044994       0.024655       0.146350       0.092082
137                0.031376       0.019823       0.101233       0.070139
138                0.010827       0.009264       0.034595       0.031158
139                0.020933       0.013166       0.067219       0.046044
140                0.035104       0.022912       0.112974       0.080457
141                0.030978       0.015362       0.099733       0.055435
142                0.018906       0.011030       0.060329       0.038270
143                0.014583       0.012263       0.046684       0.041553
144                0.005917       0.005231       0.018943       0.017408
145                0.008728       0.005898       0.027913       0.020196
146                0.015505       0.011530       0.049721       0.039867
147                0.016561       0.011012       0.053313       0.037762
148                0.030154       0.019539       0.096957       0.068175
149                0.041789       0.015002       0.132759       0.054279
150                1.735079       0.337324       5.513199       1.487507
151                0.047660       0.045808       0.153564       0.155258
152                0.126673       0.021528       0.404901       0.112862
153                0.410962       0.057380       1.314407       0.344096
154                0.215063       0.052868       0.689497       0.234915
155                0.100315       0.078587       0.320301       0.266131
156                5.152926       0.264178      16.467346       3.649569
157                0.165672       0.067881       0.530772       0.253556
158                0.476267       0.172432       1.533628       0.682856
159                0.558572       0.145219       1.792301       0.631766
160                0.211904       0.102085       0.680212       0.372006
161                0.712943       0.173896       2.271233       0.726150
162                7.584717       2.286953      24.016035       8.081688
163                0.328155       0.135231       1.041685       0.479160
164                0.326593       0.070614       1.043761       0.322798
165                0.683122       0.137886       2.188936       0.672477
166                0.394743       0.337555       1.286003       1.176549
167                1.780056       0.435835       5.687217       1.870420
168                1.076297       0.660859       3.471771       2.363924
169                0.067622       0.032391       0.215410       0.114058
170                0.065706       0.020687       0.209440       0.080131
171                0.026538       0.023866       0.084866       0.080366
172                0.030318       0.018735       0.096857       0.064423
173                0.027091       0.013592       0.086335       0.047531
174                0.022524       0.017322       0.071590       0.057795
175                0.039281       0.025834       0.126099       0.090123
176                0.030789       0.016396       0.098601       0.059224
177                0.167038       0.034219       0.534295       0.161782
178                0.638915       0.403220       2.057261       1.436840
179                1.602762       0.620553       5.104117       2.272496
180                0.282487       0.068511       0.906411       0.309502
181                5.785974       1.837964      18.397314       6.925314
182                0.252684       0.137548       0.803327       0.471502
183                3.008738       0.616445       9.636343       2.976199
184                8.228223       1.501691      26.406355       7.935828
185                4.427018       1.293970      14.163615       5.282869
186                0.940554       0.067110       3.009186       0.702021
187                0.520527       0.121151       1.664479       0.539134
188                0.124297       0.093928       0.397148       0.318800
189                4.112192       1.093899      13.290295       5.047229
190                0.395564       0.236433       1.260975       0.812480
191                0.264632       0.108122       0.848557       0.404866
192                1.230265       0.231649       3.939166       1.168239
193                1.356010       1.040098       4.328887       3.497831
194                4.279602       0.714046      13.667957       3.737245
195                0.474716       0.058154       1.515173       0.369761
196                0.477513       0.241214       1.534343       0.871819
197                0.474178       0.163108       1.512556       0.617350
198                0.282997       0.047977       0.902990       0.244612
199                0.094273       0.066689       0.301627       0.229802
200                0.065206       0.050018       0.208953       0.171390
201                0.778234       0.501298       2.489144       1.731912
202                0.448431       0.305878       1.436214       1.058001
203                1.369914       0.329561       4.380144       1.441587
204                0.082533       0.035527       0.263449       0.128570
205                0.036853       0.028370       0.118484       0.097770
206                0.936897       0.307914       2.989413       1.182811
207                0.082706       0.023255       0.263244       0.091407
208                0.048223       0.036831       0.158106       0.131039
209                0.036605       0.010520       0.117015       0.042671
210                0.718140       0.265384       2.301296       1.019064
211                0.400490       0.239990       1.282338       0.840384
212                0.069772       0.028206       0.222249       0.102907
213                0.091482       0.019396       0.292505       0.090193
214                0.050732       0.034143       0.161838       0.116291
215                0.296271       0.031241       0.945341       0.221044
216                0.259520       0.089548       0.827683       0.337458
217                0.056783       0.043077       0.181041       0.144714
218                0.107759       0.068388       0.344401       0.235373
219                0.537927       0.309331       1.724766       1.088550
220                0.106305       0.080152       0.339049       0.269859
221                1.340046       0.308956       4.287502       1.383883
222                0.732836       0.188050       2.346814       0.809527
223                0.045723       0.025807       0.146279       0.090246
224                0.198874       0.140250       0.632734       0.471680
225                0.885979       0.241561       2.824166       0.972819
226                0.090831       0.025184       0.289892       0.101838
227                0.060564       0.021587       0.193440       0.081569
228                0.067847       0.032493       0.217302       0.116550
229                0.017442       0.013656       0.055724       0.046343
230                0.113784       0.045292       0.363526       0.167407
231                1.751537       0.168111       5.598273       1.326502
232                1.190118       0.162289       3.797614       0.950082
233                0.037703       0.022885       0.119722       0.077011
234                0.114531       0.119047       0.366490       0.398094
235                0.202918       0.028978       0.647590       0.164652
236                0.125899       0.046902       0.401522       0.172423
237                1.581050       0.224627       5.048774       1.291576
238                0.019978       0.029250       0.062297       0.091169
239                0.048430       0.016083       0.155644       0.063092
240                0.013714       0.010991       0.043560       0.036030
241                0.089357       0.036962       0.285227       0.133348
242                0.057539       0.032528       0.182595       0.111165
243                0.119370       0.091960       0.379910       0.308393
244                0.045417       0.021172       0.144793       0.074519
245                0.104548       0.025312       0.332747       0.104407
246                0.110081       0.042120       0.348841       0.146336
247                0.038116       0.018199       0.121606       0.063996
248                0.023662       0.020426       0.075935       0.068880
249                0.050227       0.027487       0.160681       0.096796
250                0.020983       0.015526       0.067144       0.053194
251                0.102138       0.030013       0.326321       0.120653
252                0.037004       0.029443       0.118088       0.098980
253                0.036996       0.027143       0.117923       0.091465
254                0.033962       0.027869       0.108631       0.094080
255                0.090258       0.060440       0.289143       0.208927
256                0.470978       0.032847       1.504144       0.336975
257                0.489130       0.062149       1.562972       0.391517
258                0.283226       0.139981       0.900462       0.491094
259                0.158837       0.083457       0.505885       0.287997
260                2.539608       0.331756       8.115493       2.049400
261                0.151039       0.134496       0.489071       0.466258
262                1.262811       0.492813       4.048279       1.867786
263                1.478801       0.292561       4.733354       1.426656
264                0.061528       0.046929       0.196172       0.154149
265                0.062484       0.052443       0.198459       0.173530
266                0.102183       0.031445       0.326460       0.124202
267                0.064242       0.042807       0.205684       0.147463
268                0.056076       0.032822       0.178739       0.113373
269                0.038980       0.024269       0.123557       0.081767
270                0.088426       0.027120       0.284003       0.111549
271                0.074374       0.043207       0.237365       0.149833
272                0.148285       0.108494       0.480820       0.377823
273                0.104348       0.050356       0.333615       0.180433
274                0.148573       0.086497       0.469856       0.287034
275                0.196698       0.110491       0.628088       0.382538
276                2.699108       0.295732       8.629134       2.121014
277                0.199898       0.054925       0.636607       0.218054
278                0.140300       0.044902       0.449095       0.179236
279                0.352574       0.030689       1.125824       0.258470
280                0.359620       0.082643       1.149085       0.366287
281                4.630567       0.291014      14.777101       3.215376
282                0.113437       0.047686       0.362650       0.174674
283                0.134103       0.033825       0.427240       0.139235
284                0.109377       0.028560       0.349089       0.118167
285                0.131153       0.083810       0.419682       0.289441
286                0.077143       0.059300       0.247470       0.205592
287                0.593189       0.401007       1.897168       1.381892
288                0.569914       0.421964       1.796489       1.358572
289                0.095460       0.055211       0.303592       0.189071
290                0.632666       0.502895       2.058284       1.816018
291                0.137650       0.098940       0.436488       0.332345
292                0.091185       0.032388       0.289830       0.119474
293                0.536292       0.385443       1.714564       1.321908
294                0.038839       0.027319       0.123551       0.091596
295                0.235081       0.056105       0.750082       0.241187
296                0.214041       0.036538       0.684196       0.189956
297                0.164545       0.035061       0.525692       0.161093
298                0.091581       0.013677       0.292637       0.077442
299                2.024131       0.252297       6.470676       1.623736
300                0.163810       0.022445       0.523973       0.137065
301                1.901919       0.184168       6.082343       1.462594
302                0.019995       0.014968       0.063741       0.050480
303                0.180793       0.070802       0.578357       0.264696
304                0.034072       0.022925       0.109039       0.079037
305                0.117613       0.031614       0.376738       0.133897
306                0.041067       0.029397       0.131543       0.100564
307                0.045807       0.032108       0.146682       0.110452
308                0.118700       0.086612       0.379513       0.295215
309                0.395469       0.091761       1.265339       0.411694
310                5.775073       0.232878      18.472538       4.140936
311                0.121499       0.071405       0.388457       0.248135
312                0.045078       0.022936       0.143968       0.081197
313                0.023719       0.018134       0.076195       0.062636
314                0.135876       0.078669       0.432909       0.272023
315                3.689182       0.323893      11.797400       2.788932
316                3.728492       0.956873      11.974279       4.294796
317                0.082196       0.060843       0.262848       0.208357
318                0.127533       0.030600       0.408873       0.137810
319                0.203949       0.065579       0.651565       0.257240
320                0.033481       0.024086       0.106724       0.081594
321                0.267508       0.067829       0.856533       0.294906
322                0.389990       0.070862       1.248533       0.363637
323                8.354671       0.451625      26.732533       6.114308
324                1.117690       0.170336       3.578697       0.980417
325                0.097677       0.070754       0.313223       0.243867
326                0.164290       0.128434       0.525115       0.435049
327               20.065720       2.108539      64.229263      15.929410
328                0.125566       0.061435       0.400780       0.217088
329                0.485204       0.141369       1.546443       0.554146
330                0.197039       0.046203       0.631587       0.209491
331                2.335066       0.209819       7.469436       1.783457
332                0.084315       0.036121       0.270752       0.134222
333                0.110778       0.077281       0.357216       0.268512
334                0.040082       0.025941       0.128570       0.090559
335                0.031830       0.024631       0.101571       0.082956
336                0.092192       0.035203       0.294267       0.130737
337                0.194838       0.118885       0.621764       0.406420
338                0.131072       0.082339       0.418894       0.279867
339                0.096415       0.066286       0.305822       0.221736
340                0.078017       0.055643       0.248560       0.188294
341                0.172505       0.130507       0.554297       0.444969
342                0.357065       0.188679       1.151851       0.681272
343                0.414440       0.139074       1.322837       0.530091
344                0.759520       0.100469       2.425868       0.612562
345                1.833100       1.443192       5.981868       5.404619
346                1.882102       0.643091       6.054029       2.537082
347                0.602965       0.069736       1.924846       0.464419
348                0.972724       0.177382       3.107965       0.879784
349                3.376472       1.695647      10.580210       5.484891
350                0.571745       0.081529       1.825155       0.466855
351                0.059388       0.042689       0.189520       0.144291
352                0.408706       0.157075       1.300027       0.567038
353                0.193400       0.109188       0.614396       0.377073
354                0.154242       0.098967       0.494716       0.344613
355                0.655704       0.234583       2.101276       0.903101
356                3.387259       1.172361      10.871072       4.612707
357                0.243245       0.223856       0.777135       0.762844
358                2.047159       0.680525       6.519811       2.556492
359                5.003479       1.436262      16.196417       6.294207
360                2.076528       0.637544       6.588470       2.383183
361                0.482831       0.272723       1.556350       0.988621
362                4.766167       1.780239      15.312663       6.829855
363                1.046803       0.460956       3.336929       1.646229
364                1.345542       0.253815       4.299677       1.247908
365                8.389621       0.510949      26.772186       5.806423
366                0.188407       0.128345       0.601115       0.436003
367                0.510682       0.163319       1.632202       0.641600
368                4.098131       1.760353      13.018524       6.214809
369                0.223320       0.152710       0.711499       0.516458
370                0.648416       0.086948       2.065620       0.498784
371                5.125997       1.085738      16.312193       4.771324
372                2.046953       1.556320       6.404073       4.898825
373                0.688690       0.087803       2.194593       0.523516
374                0.228327       0.093538       0.728533       0.339740
375                0.503404       0.249945       1.602279       0.871848
376                4.374163       1.018325      13.958408       4.434126
377                0.133990       0.085899       0.428043       0.295183
378                0.383395       0.079587       1.225280       0.371554
379                0.226418       0.090052       0.722398       0.331288
380                2.399364       0.414486       7.663746       2.127373
381                1.915319       0.303135       6.123036       1.659960
382                0.133233       0.036347       0.425800       0.150618
383                0.143961       0.033776       0.459751       0.147852
384                1.604251       0.343054       5.125189       1.573903
385                2.055369       0.188756       6.573192       1.569267
386                0.207261       0.039380       0.663313       0.195770
387                1.467060       0.195456       4.688661       1.200393
388                0.057873       0.028336       0.185661       0.102489
389                0.126991       0.026553       0.406380       0.125503
390                0.123313       0.017602       0.394516       0.105166
391                1.742867       0.128415       5.571252       1.282075
392                0.056081       0.030081       0.179749       0.107141
393                0.058126       0.033555       0.186062       0.117817
394                0.039566       0.025466       0.126417       0.087607
395                0.025225       0.020276       0.080676       0.067856
396                0.072473       0.023191       0.232302       0.092681
397                0.038785       0.029162       0.124519       0.100792
398                0.272954       0.020292       0.873114       0.203580
399                0.056029       0.042744       0.178565       0.143722
400                0.320609       0.061215       1.024537       0.298094
401                0.081310       0.062796       0.258406       0.209482
402                0.220356       0.143595       0.705698       0.497426
403                0.184331       0.085748       0.592252       0.316089
404                2.039229       0.149417       6.512555       1.466507
405                1.528611       0.205536       4.885755       1.257939
406                0.160956       0.115880       0.509658       0.386121
407                0.111800       0.056886       0.356763       0.200784
408                0.188171       0.212971       0.602172       0.708369
409                0.248699       0.093519       0.794173       0.349092
410                0.067595       0.041385       0.214831       0.140691
411                0.069728       0.049032       0.221952       0.165302
412                0.079409       0.014235       0.254149       0.073146
413                0.026911       0.020202       0.086163       0.069213
414                0.032135       0.017795       0.102975       0.062892
415                0.064027       0.046722       0.203666       0.156459
416                1.284093       0.177363       4.098195       1.035187
417                0.597146       0.117857       1.907459       0.561339
418                0.061892       0.031670       0.197625       0.111546
419                1.393694       0.278154       4.447247       1.303443
420                0.152295       0.071641       0.486176       0.255486
421                0.116075       0.065261       0.371261       0.228651
422                1.407053       0.277462       4.494294       1.325153
423                0.131221       0.035709       0.419528       0.148103
424                0.047693       0.021627       0.152229       0.077704
425                1.076517       0.283250       3.438216       1.184867
426                0.980736       0.249069       3.130517       1.050883
427                0.111786       0.017624       0.357688       0.097966
428                0.080131       0.008687       0.256124       0.062259
429                0.041183       0.032140       0.131653       0.109039
430                0.847504       0.345460       2.706854       1.272079
431                0.107839       0.046900       0.343639       0.168493
432                0.249273       0.182414       0.797307       0.621956
433                0.039264       0.028100       0.125177       0.094879
434                0.042308       0.041993       0.134500       0.138806
435                0.048059       0.033208       0.153735       0.113900
436                1.785135       0.694299       5.687995       2.541953
