@    title "Magnitude of Electric Field"
@    xaxis  label "Residues"
@    yaxis  label "MV/cm"
#time              Ef_per_res     Std.Dev        Alignment%     Alignment_Std
@type xydy
1                  4.949255       0.542072      11.718347       3.375524
2                  0.123671       0.027367       0.252436       0.116238
3                  0.081894       0.007551       0.054341       0.043947
4                  1.855395       0.147376       4.736032       1.073015
5                  0.061668       0.006597       0.118780       0.042602
6                  0.061771       0.012677       0.150891       0.051282
7                  0.042051       0.007342       0.061789       0.034891
8                  0.066152       0.018684       0.065868       0.067472
9                  0.034067       0.010092       0.049918       0.032758
10                 0.044837       0.012253       0.061377       0.044076
11                 0.044767       0.011731       0.066878       0.057502
12                 0.040957       0.003887       0.070204       0.028382
13                 0.030038       0.004241       0.028397       0.017369
14                 1.051999       0.063970       2.231416       0.677768
15                 1.553132       0.088526       2.869757       1.020268
16                 1.177438       0.036542       2.346818       0.740639
17                 0.057238       0.007706       0.069862       0.040551
18                 0.029586       0.003708       0.066313       0.019704
19                 0.042971       0.003935       0.090695       0.030602
20                 0.061890       0.008115       0.144646       0.040192
21                 0.079853       0.007020       0.125393       0.050955
22                 1.372309       0.134415       2.899156       0.896134
23                 0.031967       0.004330       0.047031       0.022295
24                 0.915316       0.061884       1.679163       0.540144
25                 0.022385       0.004150       0.032080       0.020732
26                 0.048407       0.008073       0.078207       0.033977
27                 0.033160       0.003320       0.085213       0.021787
28                 0.025572       0.003020       0.055195       0.018560
29                 0.023466       0.002405       0.038689       0.016725
30                 0.951622       0.035708       1.527134       0.586083
31                 0.020047       0.001825       0.052125       0.012083
32                 0.025877       0.004971       0.036278       0.021752
33                 0.023282       0.005827       0.034517       0.019984
34                 1.311011       0.055169       2.078319       0.790032
35                 0.042764       0.003592       0.054851       0.029641
36                 0.051133       0.008125       0.050155       0.035354
37                 0.033553       0.003065       0.070187       0.021781
38                 0.059456       0.018997       0.092544       0.049795
39                 0.061453       0.017494       0.070747       0.052547
40                 0.082080       0.018849       0.106764       0.064685
41                 0.079714       0.017906       0.076553       0.063537
42                 0.093367       0.024088       0.107351       0.073080
43                 0.092634       0.037860       0.072944       0.064314
44                 0.091548       0.040613       0.111133       0.082594
45                 0.079663       0.018430       0.121546       0.062436
46                 0.131854       0.028574       0.096215       0.066815
47                 0.143092       0.034193       0.106673       0.085647
48                 0.147709       0.040040       0.264189       0.106803
49                 0.128851       0.061904       0.163497       0.097094
50                 0.237205       0.121182       0.390833       0.273707
51                 0.119534       0.042758       0.088096       0.087465
52                 0.062823       0.025165       0.056918       0.046929
53                 0.081281       0.017852       0.086399       0.064050
54                 0.101735       0.026230       0.091338       0.074857
55                 0.084307       0.015518       0.071380       0.057170
56                 0.082200       0.010210       0.127260       0.057941
57                 4.101231       0.146268       5.820189       2.780345
58                 3.020758       0.421072       5.605124       2.131976
59                 6.401600       0.292724       9.501903       4.406801
60                 2.609280       0.148445       2.363095       1.646183
61                 2.269364       0.096290       2.837051       1.496724
62                 0.109776       0.028041       0.193759       0.100662
63                 0.061549       0.010131       0.053229       0.044382
64                 0.118369       0.030264       0.096908       0.079924
65                 0.119288       0.011028       0.176451       0.085122
66                 0.115777       0.014133       0.187243       0.085040
67                 0.104614       0.012328       0.166415       0.076687
68                 0.057075       0.029360       0.055062       0.049154
69                 1.160999       0.034657       1.883210       0.729626
70                 0.100915       0.028298       0.215679       0.092137
71                 0.063855       0.009423       0.087759       0.043449
72                 1.554445       0.162796       1.576879       0.936173
73                 0.038107       0.005409       0.024071       0.018515
74                 1.275629       0.073443       1.436934       0.770523
75                 0.072349       0.010270       0.069952       0.048764
76                 0.093030       0.030070       0.065557       0.057014
77                 0.061564       0.008702       0.078526       0.037018
78                 0.093638       0.030944       0.111131       0.085501
79                 0.110259       0.020182       0.243241       0.073745
80                 0.082211       0.010120       0.159492       0.055587
81                 0.048562       0.017256       0.074258       0.073116
82                 0.070494       0.009375       0.142777       0.043352
83                 0.059119       0.012023       0.128196       0.066444
84                 2.508119       0.256173       4.341763       1.614744
85                 0.095471       0.016476       0.215031       0.069260
86                 2.246637       0.201243       1.680636       1.189098
87                 0.141653       0.022659       0.273652       0.094697
88                 0.072581       0.014109       0.121240       0.050464
89                 0.090432       0.012667       0.122039       0.054891
90                 0.056014       0.015841       0.086813       0.049559
91                 0.056898       0.005652       0.054072       0.035957
92                 0.040170       0.008198       0.068786       0.029556
93                 0.035053       0.011373       0.042182       0.029137
94                 0.033652       0.003519       0.021357       0.015836
95                 0.017729       0.009023       0.024805       0.019811
96                 1.263992       0.072985       1.057942       0.679062
97                 1.847425       0.211225       0.985428       0.787349
98                 0.138676       0.048390       0.135041       0.099423
99                 0.094506       0.016605       0.072341       0.055800
100                2.911417       0.468676       2.517595       1.520921
101                0.088885       0.023218       0.095363       0.074920
102                6.825772       0.304704       3.851819       2.872047
103                2.086699       0.094717       1.114598       0.977366
104                0.204926       0.049661       0.444315       0.179140
105                0.273254       0.021264       0.209324       0.165012
106                0.130548       0.015314       0.186092       0.097057
107                0.160400       0.066094       0.185905       0.143010
108                0.096948       0.014559       0.095990       0.059229
109                0.112174       0.031187       0.123133       0.065174
110                0.082918       0.027969       0.100687       0.055445
111                0.080607       0.023131       0.135575       0.059854
112                2.107615       0.142656       1.642641       0.986318
113                2.235014       0.084825       1.194899       0.871543
114                2.074651       0.096086       1.770069       0.948803
115                1.869542       0.149931       1.717289       0.932279
116                0.135151       0.015292       0.335664       0.091770
117                0.165168       0.018716       0.412804       0.089556
118                0.097972       0.011836       0.241449       0.061660
119                0.150904       0.023609       0.265405       0.110545
120                0.199298       0.016042       0.365472       0.142255
121                0.238823       0.028723       0.548556       0.165775
122                0.108257       0.008604       0.124678       0.077276
123                0.176108       0.018161       0.119505       0.096373
124                4.715325       0.172032      10.402096       2.262253
125                0.169922       0.038983       0.194093       0.127697
126                0.065116       0.023555       0.145411       0.078103
127                0.095537       0.008965       0.176794       0.083106
128                0.169894       0.045798       0.292629       0.157806
129                0.102573       0.043198       0.143449       0.115818
130                0.177512       0.083786       0.326537       0.216787
131                0.099943       0.048174       0.187695       0.124828
132                0.158963       0.031860       0.260984       0.145345
133                0.204314       0.040690       0.503393       0.188767
134                0.168297       0.027317       0.396786       0.137476
135                0.055830       0.028469       0.110694       0.080954
136                0.098320       0.031016       0.225702       0.129840
137                0.157720       0.031726       0.175661       0.142333
138                0.088984       0.015749       0.130020       0.076296
139                0.083697       0.036941       0.130339       0.101164
140                0.078066       0.030597       0.135029       0.087857
141                0.077824       0.017877       0.133040       0.077473
142                0.040839       0.023938       0.060936       0.043290
143                0.037087       0.028804       0.051753       0.062616
144                0.029939       0.007262       0.029227       0.025918
145                0.036168       0.011112       0.035955       0.030454
146                0.041716       0.019685       0.061633       0.064176
147                0.061109       0.014116       0.101549       0.054936
148                0.087226       0.025803       0.151673       0.100130
149                0.115987       0.011864       0.287783       0.083154
150                2.295489       0.277071       6.009811       1.517432
151                0.127717       0.041222       0.222279       0.141352
152                0.143862       0.018218       0.274839       0.117226
153                0.555838       0.042219       1.404661       0.305806
154                0.398141       0.034319       0.959888       0.243753
155                0.598924       0.096140       0.856018       0.454589
156                5.705283       0.189124      14.227314       2.836779
157                0.474462       0.053443       0.960076       0.353380
158                1.229963       0.130233       2.850230       0.879515
159                1.433989       0.123245       3.313185       1.008166
160                0.882470       0.115190       1.669878       0.686833
161                1.119608       0.182245       1.414108       0.834725
162               11.057613       2.593736      20.615847       8.027792
163                1.045838       0.158385       0.751505       0.651762
164                0.552444       0.057241       1.139138       0.344573
165                1.345468       0.153522       3.405017       0.848107
166                1.814322       0.444453       2.836570       1.593597
167                4.772849       0.332106       9.183312       3.415248
168                6.473330       0.505677       6.437056       4.323308
169                0.182723       0.043077       0.183058       0.111274
170                0.090701       0.020300       0.067177       0.051795
171                0.070181       0.014082       0.076540       0.064207
172                0.070089       0.013894       0.095965       0.057047
173                0.059667       0.026167       0.101464       0.057962
174                0.067199       0.027244       0.097441       0.072319
175                0.090662       0.042873       0.136513       0.095066
176                0.129136       0.023225       0.262149       0.093567
177                0.190540       0.035609       0.409049       0.126137
178                3.749633       0.467711       2.731957       2.231524
179                4.520169       0.496415       2.687718       1.911690
180                0.427979       0.065627       0.585957       0.319551
181               20.193964       0.910651      12.449508      11.179461
182                0.850689       0.106701       1.023204       0.656701
183                3.740857       0.480761       4.349999       2.255943
184               11.983995       1.098391      11.231980       6.068578
185               11.321118       1.137496       7.797523       5.104457
186                0.997751       0.072984       1.360472       0.539865
187                0.631650       0.099788       0.926981       0.427927
188                0.936255       0.076383       0.880652       0.544779
189                4.785910       1.077785      10.740461       3.695340
190                1.683709       0.231307       1.394933       0.965639
191                0.771318       0.091965       0.801335       0.417575
192                1.605078       0.283395       3.991407       1.280167
193               10.258277       1.864979      17.457577       8.049129
194                6.947748       0.247333       5.296506       3.697861
195                0.753346       0.076624       0.372664       0.325394
196                1.212587       0.317042       1.030433       0.804468
197                1.199187       0.147411       0.752178       0.594387
198                0.454471       0.034262       0.233045       0.188333
199                0.513264       0.185192       0.649896       0.458275
200                0.344222       0.064045       0.340557       0.253478
201                4.683740       0.199088       4.253943       2.445422
202                3.174611       0.255582       4.634767       1.929143
203                3.161709       0.143576       6.741772       1.790059
204                0.267946       0.017739       0.343933       0.157565
205                0.237867       0.064427       0.157916       0.130866
206                2.565941       0.338113       5.035314       1.642678
207                0.146936       0.019523       0.285801       0.092002
208                0.133911       0.023978       0.277215       0.101080
209                0.080780       0.009078       0.167753       0.047692
210                2.155767       0.123070       2.482553       1.164298
211                2.041095       0.204873       2.577282       1.230788
212                0.120394       0.032008       0.143977       0.093620
213                0.143138       0.011589       0.077129       0.062364
214                0.252963       0.037309       0.391985       0.181500
215                0.328618       0.037586       0.702084       0.183513
216                0.693283       0.068267       0.543186       0.327802
217                0.548236       0.046025       0.704625       0.374815
218                0.698053       0.064468       1.090700       0.494974
219                4.065446       0.143649       6.326291       2.764591
220                0.974756       0.133508       0.630329       0.552652
221                3.874986       0.140765       7.594326       2.609826
222                2.760033       0.102643       5.807247       1.839055
223                0.137920       0.017854       0.230432       0.098915
224                2.367979       0.173229       3.984796       1.565154
225                2.847971       0.202423       3.008310       1.812733
226                0.152449       0.023464       0.388973       0.105329
227                0.153863       0.019719       0.320722       0.106470
228                0.214676       0.030703       0.472454       0.147592
229                0.076584       0.017066       0.117872       0.060907
230                0.167743       0.052417       0.187357       0.093100
231                2.300889       0.111243       1.471503       0.941226
232                2.006334       0.095020       1.055897       0.773613
233                0.171458       0.024687       0.224322       0.124551
234                0.208167       0.101932       0.187180       0.202215
235                0.314165       0.023091       0.145374       0.124429
236                0.139509       0.036373       0.278020       0.075282
237                2.563492       0.314849       1.255794       1.117056
238                0.022028       0.014843       0.034158       0.031333
239                0.061128       0.009458       0.100947       0.038315
240                0.052077       0.014052       0.078326       0.046875
241                0.148055       0.034693       0.090123       0.074909
242                0.125801       0.019798       0.118805       0.084782
243                0.223711       0.108272       0.175502       0.134459
244                0.118460       0.011451       0.283544       0.075231
245                0.152506       0.023261       0.089384       0.065032
246                0.124515       0.040544       0.267822       0.080409
247                0.054569       0.013340       0.104379       0.045120
248                0.059933       0.014123       0.065906       0.045799
249                0.107530       0.016259       0.170908       0.082703
250                0.107374       0.012622       0.103735       0.074096
251                0.144142       0.014991       0.222636       0.103833
252                0.105746       0.018833       0.131551       0.089857
253                0.101610       0.026109       0.119081       0.085502
254                0.144421       0.019795       0.196495       0.101858
255                0.190902       0.062331       0.412400       0.207703
256                0.480906       0.030711       0.899536       0.266226
257                0.545354       0.048305       0.982547       0.370800
258                0.443882       0.135536       0.835725       0.487462
259                0.255233       0.104162       0.317293       0.248472
260                3.249277       0.313393       5.591782       2.100368
261                0.403820       0.180533       0.385677       0.333574
262                3.950842       0.704137       3.949208       2.583131
263                2.422707       0.289419       3.746470       1.642401
264                0.159252       0.097957       0.222144       0.202921
265                0.325186       0.093790       0.307099       0.205082
266                0.140277       0.039456       0.214246       0.128241
267                0.139398       0.061287       0.191747       0.142177
268                0.156333       0.057328       0.169168       0.141718
269                0.130305       0.032911       0.096366       0.083450
270                0.253483       0.027262       0.543169       0.179974
271                0.190861       0.032491       0.177335       0.152772
272                0.202301       0.089750       0.347520       0.312096
273                0.168825       0.044877       0.263562       0.171173
274                0.188213       0.080211       0.396725       0.262063
275                0.214331       0.098765       0.385641       0.274801
276                3.193325       0.536074       6.436069       2.231444
277                0.215829       0.043768       0.515807       0.136655
278                0.237328       0.026740       0.259207       0.170899
279                0.376846       0.029230       0.491070       0.201164
280                0.435531       0.045050       0.393470       0.217958
281                5.960398       0.211401       3.332527       2.281332
282                0.154403       0.042910       0.296282       0.123512
283                0.350491       0.030711       0.332419       0.221221
284                0.240727       0.036611       0.195413       0.163085
285                0.257071       0.100881       0.178811       0.151839
286                0.434497       0.089629       0.436740       0.316731
287                3.373757       0.404758       4.610819       2.047754
288                2.845126       0.902762       4.096893       2.608310
289                0.188657       0.061320       0.394544       0.221533
290                5.099171       1.320431       7.078251       3.688782
291                0.293489       0.069709       0.393185       0.247469
292                0.128188       0.045887       0.278181       0.125742
293                2.976618       0.389012       6.397170       2.157069
294                0.411858       0.034404       0.631602       0.287318
295                0.360263       0.046950       0.917755       0.235177
296                0.320163       0.067369       0.763659       0.262341
297                0.215901       0.041631       0.438014       0.184390
298                0.109881       0.009770       0.099895       0.065595
299                4.150637       0.187077      10.612056       2.547131
300                0.200184       0.014370       0.171340       0.107639
301                2.762428       0.127351       6.371220       1.723234
302                0.154997       0.015077       0.293270       0.121958
303                0.267407       0.042530       0.254403       0.194203
304                0.140173       0.014314       0.171355       0.106697
305                0.188339       0.023309       0.489147       0.135875
306                0.132260       0.012515       0.124266       0.089624
307                0.078351       0.032195       0.128132       0.093989
308                0.166862       0.076866       0.308940       0.261859
309                0.502108       0.077406       1.240839       0.363396
310                5.912023       0.193589      10.252852       2.973932
311                0.156109       0.069164       0.200615       0.153776
312                0.117016       0.019643       0.098050       0.072671
313                0.170349       0.045933       0.361139       0.169810
314                0.297224       0.067080       0.303962       0.212534
315                4.470564       0.217174       6.900301       2.245791
316                7.600115       1.169955       8.957592       4.483272
317                0.163980       0.051976       0.182092       0.127964
318                0.216269       0.027730       0.524785       0.180258
319                0.226026       0.072607       0.386474       0.167908
320                0.129159       0.028131       0.234816       0.131298
321                0.440033       0.049096       1.154801       0.311394
322                0.598818       0.050070       1.594211       0.372602
323                8.795094       0.329553      15.003498       4.424238
324                1.453731       0.138814       3.252211       0.823605
325                0.614999       0.059778       0.887290       0.442644
326                1.343549       0.112768       2.577607       0.995864
327               23.254349       1.532801      44.583511      11.648736
328                0.353757       0.153132       0.349925       0.344430
329                0.599803       0.140306       0.777018       0.464707
330                0.330029       0.045428       0.862685       0.218545
331                3.351180       0.136131       8.837349       1.805104
332                0.186913       0.026765       0.429173       0.125681
333                0.199477       0.087490       0.433006       0.310039
334                0.127625       0.033211       0.277088       0.142917
335                0.155429       0.020966       0.268443       0.154920
336                0.190207       0.030962       0.478820       0.144412
337                0.294218       0.118126       0.649489       0.352570
338                0.345070       0.128393       0.622962       0.383333
339                0.337876       0.128128       0.554636       0.345719
340                0.191060       0.101010       0.229596       0.209085
341                0.419669       0.154838       0.661556       0.495697
342                0.633382       0.258559       1.208730       0.823391
343                1.070078       0.153172       2.389680       0.683736
344                1.098280       0.068221       0.602438       0.470709
345               13.491507       1.828511      18.032808       8.955149
346                4.162165       1.422022       7.330184       4.198149
347                0.747956       0.068434       1.370979       0.483693
348                1.712125       0.170130       4.379002       1.064147
349               14.835564       1.382105      33.410622       9.173858
350                0.739465       0.055335       1.882231       0.389549
351                0.599108       0.059679       1.139426       0.390858
352                1.148150       0.153132       1.183241       0.739630
353                0.754032       0.258305       0.765248       0.507221
354                0.564244       0.063342       0.348719       0.274277
355                0.982286       0.182860       1.133282       0.748965
356                4.814704       1.319181       2.667052       2.154814
357                0.751847       0.448988       0.515696       0.492385
358                2.445047       0.881241       4.061086       2.238730
359                5.492801       1.646444      12.425553       6.883535
360                2.473407       0.682380       5.913089       2.493990
361                1.132710       0.348841       1.045393       1.340443
362                6.660152       1.447181       6.110219       3.930361
363                1.563000       0.368503       3.907816       1.421652
364                1.752823       0.159128       2.111078       1.211488
365                9.779528       0.420180       8.514464       4.446789
366                0.651210       0.130034       0.389952       0.308504
367                1.083753       0.095123       1.362635       0.732509
368                8.491179       0.993422      16.000175       6.054405
369                1.613223       0.256675       1.239851       0.953858
370                0.800694       0.082474       0.858286       0.460275
371                6.200087       1.228897       8.058950       3.871627
372               13.814721       2.132206      24.361511       8.909350
373                0.762632       0.080981       0.872949       0.433333
374                0.974115       0.103216       0.843058       0.621091
375                2.133919       0.201086       2.671670       1.423866
376                8.796931       0.411243       6.359838       4.734707
377                0.790467       0.082502       0.829125       0.534974
378                0.741098       0.050778       1.374985       0.495259
379                0.620094       0.052460       0.498295       0.367317
380                4.041367       0.102245       3.845813       2.388583
381                3.408222       0.210797       6.378886       2.301607
382                0.214522       0.027557       0.456726       0.160023
383                0.265976       0.017617       0.240231       0.158995
384                3.208797       0.097748       3.306243       1.994462
385                2.740718       0.107890       5.957481       1.708245
386                0.282936       0.026580       0.614802       0.184856
387                2.034401       0.196152       2.802599       1.281511
388                0.095063       0.011161       0.189242       0.064016
389                0.131435       0.027497       0.247625       0.090382
390                0.130444       0.015145       0.183957       0.075170
391                1.983383       0.105983       1.915135       1.022628
392                0.117200       0.010834       0.133035       0.076867
393                0.100595       0.034656       0.139697       0.096691
394                0.172169       0.017320       0.222236       0.112114
395                0.076003       0.024022       0.141036       0.051745
396                0.090325       0.016714       0.190406       0.060346
397                0.105229       0.032296       0.151931       0.118343
398                0.290761       0.023630       0.397070       0.150559
399                0.298535       0.025579       0.199326       0.150391
400                0.524635       0.063704       0.255801       0.218032
401                0.294730       0.082310       0.231318       0.168856
402                1.047825       0.099466       1.136989       0.726977
403                0.222036       0.083361       0.139831       0.127512
404                2.416143       0.091660       1.928540       1.162725
405                2.457907       0.152899       1.165686       1.002777
406                0.314302       0.066297       0.327083       0.187381
407                0.246816       0.038576       0.163529       0.120757
408                0.639090       0.274494       0.391914       0.370192
409                0.915644       0.084136       1.188913       0.619761
410                0.219505       0.077938       0.376214       0.238677
411                0.404057       0.075703       0.570561       0.280128
412                0.125163       0.028453       0.316849       0.090162
413                0.329931       0.029229       0.588811       0.207086
414                0.140841       0.026115       0.229462       0.111587
415                0.209170       0.052649       0.267032       0.168079
416                2.604124       0.119421       1.719544       1.378038
417                0.879901       0.067032       0.482400       0.379895
418                0.139679       0.024283       0.202698       0.101088
419                2.846813       0.144276       1.541479       1.265176
420                0.337222       0.056545       0.319564       0.214635
421                0.162234       0.041245       0.211255       0.115691
422                2.536352       0.188582       1.260048       1.025270
423                0.219830       0.028200       0.500149       0.158630
424                0.134747       0.029444       0.137462       0.090895
425                2.310298       0.100644       1.990004       1.392703
426                2.099540       0.082511       1.092045       0.890614
427                0.124284       0.014294       0.289365       0.071861
428                0.087078       0.011348       0.177513       0.058547
429                0.350536       0.049342       0.256190       0.199696
430                2.973975       0.094445       1.970858       1.601610
431                0.226739       0.107131       0.236195       0.195613
432                2.312050       0.192689       1.725418       1.367565
433                0.264422       0.086800       0.178819       0.137754
434                0.126490       0.026518       0.152264       0.117950
435                0.140378       0.047105       0.157197       0.129974
436                3.927742       0.557396       5.617699       3.042556
