@    title "Magnitude of Electric Field"
@    xaxis  label "Residues"
@    yaxis  label "MV/cm"
#time              Efproj_res     Std.Dev        AVG_align%     Std_align%
@type xydy
1                  1.636913       0.431142       4.604770       1.547449
2                  0.085361       0.025340       0.239669       0.085291
3                  0.011229       0.008495       0.031792       0.025744
4                  1.070417       0.186099       3.010452       0.797418
5                  0.017710       0.008944       0.049670       0.027268
6                  0.039783       0.007640       0.112111       0.032247
7                  0.008646       0.006357       0.024480       0.019175
8                  0.033989       0.014416       0.095952       0.046755
9                  0.019065       0.012048       0.053346       0.035743
10                 0.018655       0.015661       0.052594       0.046545
11                 0.031726       0.013005       0.089560       0.042246
12                 0.038634       0.004852       0.108976       0.027207
13                 0.022357       0.003590       0.063029       0.016820
14                 0.167005       0.081491       0.470179       0.254580
15                 0.100434       0.074240       0.282636       0.220915
16                 0.111992       0.073926       0.315664       0.223374
17                 0.007523       0.005351       0.021243       0.016117
18                 0.016512       0.004438       0.046534       0.016069
19                 0.039354       0.004077       0.110852       0.025734
20                 0.025283       0.006062       0.071275       0.023142
21                 0.015475       0.010209       0.043148       0.029728
22                 0.430900       0.143332       1.216288       0.495466
23                 0.007071       0.006735       0.020462       0.021337
24                 0.133016       0.082803       0.377195       0.257780
25                 0.007480       0.006517       0.021707       0.020610
26                 0.006577       0.004674       0.018472       0.013875
27                 0.018890       0.002748       0.053216       0.013547
28                 0.023785       0.002482       0.066955       0.015371
29                 0.017198       0.003091       0.048447       0.013416
30                 0.085672       0.063051       0.241866       0.189949
31                 0.012819       0.003144       0.036068       0.011534
32                 0.007494       0.004791       0.021343       0.015093
33                 0.012857       0.006800       0.036149       0.020832
34                 0.134412       0.098868       0.379330       0.297316
35                 0.010478       0.004794       0.029506       0.015040
36                 0.018521       0.006589       0.052198       0.021851
37                 0.007261       0.003832       0.020409       0.011688
38                 0.014171       0.011182       0.039790       0.032843
39                 0.011817       0.012469       0.033106       0.035669
40                 0.018359       0.011499       0.051365       0.033577
41                 0.031073       0.013345       0.087037       0.041194
42                 0.027774       0.017913       0.077736       0.052542
43                 0.045868       0.031974       0.130059       0.098168
44                 0.035887       0.029377       0.101328       0.087710
45                 0.029493       0.022310       0.082310       0.064393
46                 0.094374       0.034267       0.267513       0.115878
47                 0.071160       0.030094       0.202000       0.098808
48                 0.118143       0.041266       0.329263       0.127352
49                 0.065462       0.043559       0.185975       0.136196
50                 0.143404       0.097431       0.409759       0.302305
51                 0.038970       0.023190       0.111056       0.074214
52                 0.032640       0.011792       0.091865       0.038927
53                 0.056200       0.018824       0.158755       0.066450
54                 0.041209       0.016805       0.116162       0.054157
55                 0.037008       0.010690       0.103764       0.036522
56                 0.071800       0.010894       0.202655       0.053723
57                 0.260369       0.196761       0.732107       0.582028
58                 0.365409       0.212660       1.031541       0.653254
59                 0.494899       0.359632       1.402282       1.100313
60                 0.786716       0.213849       2.225946       0.797742
61                 0.468793       0.191081       1.330369       0.637514
62                 0.045941       0.023141       0.129173       0.070630
63                 0.037416       0.014085       0.105328       0.045338
64                 0.048462       0.017029       0.137060       0.058088
65                 0.014322       0.010205       0.040337       0.030201
66                 0.012397       0.008689       0.034859       0.025624
67                 0.012066       0.008133       0.033983       0.024255
68                 0.024508       0.020932       0.069003       0.061518
69                 0.122925       0.076945       0.346505       0.233150
70                 0.038332       0.012644       0.107844       0.042296
71                 0.012173       0.007247       0.034403       0.022286
72                 0.499448       0.148085       1.405704       0.512737
73                 0.023256       0.005542       0.065461       0.020676
74                 0.291051       0.128305       0.819426       0.406492
75                 0.023508       0.010475       0.066267       0.033169
76                 0.036718       0.014045       0.103682       0.046278
77                 0.055201       0.005804       0.155377       0.035576
78                 0.037952       0.023891       0.107580       0.074680
79                 0.056289       0.013468       0.159111       0.052660
80                 0.039920       0.011723       0.112374       0.040631
81                 0.020722       0.013631       0.058915       0.042417
82                 0.015351       0.007561       0.043132       0.023301
83                 0.022158       0.015943       0.063550       0.049492
84                 0.439160       0.251515       1.239274       0.775149
85                 0.042536       0.011384       0.120009       0.041708
86                 0.760714       0.254281       2.142761       0.855295
87                 0.069229       0.023797       0.194760       0.078466
88                 0.022359       0.012881       0.063376       0.040350
89                 0.020063       0.011858       0.056641       0.036297
90                 0.030286       0.013740       0.085444       0.043576
91                 0.018277       0.008516       0.051572       0.026900
92                 0.005437       0.004023       0.015312       0.011980
93                 0.011593       0.009239       0.032749       0.027653
94                 0.023074       0.003727       0.065089       0.017570
95                 0.009828       0.006446       0.027663       0.019330
96                 0.154519       0.112091       0.435207       0.335011
97                 0.599648       0.235678       1.686028       0.757389
98                 0.073157       0.047923       0.204037       0.139578
99                 0.037704       0.017143       0.105894       0.053197
100                0.348783       0.255988       0.981698       0.762649
101                0.042770       0.018887       0.120875       0.061868
102                0.701904       0.526659       1.978737       1.576708
103                0.237459       0.185614       0.671262       0.557018
104                0.151328       0.027700       0.426606       0.119454
105                0.056716       0.029047       0.159785       0.089444
106                0.018423       0.012958       0.051872       0.038655
107                0.033734       0.021656       0.094888       0.064780
108                0.019079       0.015236       0.053498       0.043847
109                0.066634       0.021410       0.188380       0.073877
110                0.054638       0.022531       0.153879       0.071998
111                0.060652       0.018445       0.170663       0.062991
112                0.844655       0.242719       2.378779       0.851762
113                1.186272       0.236821       3.338077       0.955551
114                1.330643       0.185186       3.746148       0.925894
115                0.817581       0.213803       2.302662       0.775918
116                0.074492       0.021795       0.209710       0.075760
117                0.134443       0.019059       0.378314       0.093599
118                0.082821       0.016963       0.232795       0.066436
119                0.053621       0.020432       0.150727       0.065655
120                0.039994       0.026219       0.112326       0.077996
121                0.207711       0.048827       0.584432       0.181983
122                0.026095       0.015739       0.073491       0.047694
123                0.056628       0.033409       0.158838       0.099791
124                4.522717       0.219573      12.734422       2.670917
125                0.084780       0.046555       0.238520       0.141376
126                0.034677       0.022949       0.097846       0.070213
127                0.046473       0.017182       0.131073       0.056914
128                0.084479       0.035584       0.238246       0.112989
129                0.051488       0.036119       0.145422       0.108765
130                0.095477       0.058956       0.270205       0.180988
131                0.028673       0.021936       0.080839       0.065485
132                0.026771       0.019311       0.075821       0.058340
133                0.104681       0.033219       0.297609       0.123735
134                0.116746       0.039050       0.332357       0.140322
135                0.029562       0.019325       0.082723       0.057148
136                0.038529       0.022252       0.111188       0.078881
137                0.034906       0.020354       0.096964       0.059263
138                0.012688       0.010292       0.035576       0.029871
139                0.019509       0.012609       0.054879       0.038047
140                0.041847       0.024459       0.117476       0.073084
141                0.028337       0.014872       0.080417       0.047263
142                0.020209       0.011880       0.056954       0.036221
143                0.015235       0.012140       0.042984       0.036158
144                0.005605       0.004649       0.015848       0.013876
145                0.010102       0.007089       0.028620       0.021729
146                0.018400       0.013157       0.051985       0.039615
147                0.010353       0.008886       0.029399       0.026992
148                0.023262       0.020373       0.064871       0.058110
149                0.050175       0.015046       0.141982       0.054263
150                1.854842       0.280558       5.237592       1.393138
151                0.056314       0.045183       0.159521       0.136099
152                0.131510       0.022132       0.369529       0.096096
153                0.406464       0.056875       1.144703       0.286057
154                0.214273       0.046528       0.602714       0.179596
155                0.101858       0.080852       0.287317       0.243701
156                5.194326       0.267987      14.623262       3.069470
157                0.144507       0.066927       0.404880       0.203221
158                0.447360       0.166289       1.258787       0.539515
159                0.620903       0.152451       1.748161       0.565660
160                0.249642       0.112938       0.703702       0.356948
161                0.733312       0.182522       2.065990       0.676781
162                9.164095       3.033405      25.192495       7.876411
163                0.296407       0.144989       0.838657       0.455907
164                0.313219       0.073979       0.885561       0.287640
165                0.705027       0.144041       1.993852       0.613139
166                0.365582       0.325697       1.024649       0.925980
167                1.777634       0.456076       5.018113       1.718082
168                1.152544       0.669157       3.272442       2.101894
169                0.059704       0.034333       0.169019       0.105782
170                0.059686       0.023816       0.170243       0.081013
171                0.027281       0.024525       0.076527       0.071056
172                0.032389       0.019846       0.091036       0.059578
173                0.026540       0.013824       0.075099       0.043235
174                0.024325       0.018179       0.068520       0.054117
175                0.038508       0.026035       0.109007       0.079278
176                0.036406       0.018221       0.101870       0.054690
177                0.170003       0.037279       0.479231       0.147156
178                0.698688       0.418344       1.967823       1.273504
179                1.560258       0.611832       4.378376       1.932152
180                0.285697       0.068656       0.807308       0.268378
181                5.812624       1.780394      16.327845       5.978647
182                0.249582       0.137758       0.700732       0.416929
183                3.023753       0.610722       8.535498       2.568568
184                8.130551       1.504081      23.036850       6.909237
185                4.486563       1.292724      12.677017       4.676763
186                0.936160       0.067597       2.641927       0.603313
187                0.523784       0.121622       1.477141       0.471995
188                0.123513       0.093663       0.348343       0.280901
189                4.072089       1.091059      11.605929       4.377668
190                0.431688       0.249174       1.213692       0.757255
191                0.264760       0.106799       0.748467       0.351052
192                1.280670       0.228670       3.617133       1.036758
193                1.345638       1.043996       3.786544       3.088751
194                4.252812       0.702050      11.986002       3.234087
195                0.472655       0.057146       1.332334       0.325040
196                0.462439       0.231752       1.312169       0.740160
197                0.459593       0.161518       1.293329       0.534051
198                0.286983       0.048050       0.808806       0.218570
199                0.080713       0.063755       0.224537       0.182550
200                0.064790       0.049346       0.182535       0.147311
201                0.794965       0.502719       2.240110       1.523086
202                0.482155       0.314599       1.363456       0.962569
203                1.348812       0.332214       3.794201       1.221473
204                0.083059       0.035252       0.234022       0.112588
205                0.042668       0.030786       0.120542       0.093077
206                0.935996       0.299244       2.632087       1.004757
207                0.076001       0.022777       0.214104       0.079500
208                0.072745       0.031250       0.205442       0.099863
209                0.036026       0.011037       0.101300       0.037581
210                0.787065       0.265740       2.219543       0.897220
211                0.425222       0.241046       1.199844       0.742168
212                0.065848       0.028633       0.184950       0.089907
213                0.095489       0.020220       0.269227       0.081503
214                0.056255       0.036371       0.159317       0.111965
215                0.290245       0.033316       0.816131       0.187250
216                0.253002       0.090085       0.711968       0.295645
217                0.057342       0.043244       0.161168       0.127788
218                0.108053       0.068312       0.303269       0.203891
219                0.571523       0.312246       1.607198       0.953817
220                0.106228       0.080541       0.299118       0.238906
221                1.361405       0.301985       3.833854       1.174226
222                0.737264       0.183557       2.073195       0.670238
223                0.050246       0.025671       0.140998       0.078295
224                0.185294       0.135522       0.525218       0.411172
225                0.871953       0.241757       2.462077       0.875300
226                0.090602       0.025465       0.255606       0.091688
227                0.060981       0.021385       0.172132       0.071977
228                0.068890       0.032000       0.193736       0.099762
229                0.017027       0.013312       0.048045       0.039831
230                0.114116       0.045456       0.321297       0.145803
231                1.736755       0.164898       4.897591       1.137038
232                1.167876       0.163244       3.290878       0.826189
233                0.033446       0.021471       0.094672       0.065489
234                0.110468       0.118493       0.310141       0.345856
235                0.199674       0.029018       0.564056       0.149260
236                0.126043       0.045050       0.352701       0.143070
237                1.559424       0.215655       4.400680       1.131292
238                0.012404       0.014602       0.034551       0.040099
239                0.053551       0.010633       0.150658       0.042899
240                0.012583       0.009769       0.035505       0.029145
241                0.089830       0.033728       0.252735       0.109008
242                0.055991       0.032467       0.156534       0.097125
243                0.117604       0.096171       0.330544       0.283413
244                0.046340       0.020482       0.129670       0.062731
245                0.102428       0.025179       0.288384       0.092618
246                0.110266       0.041694       0.309355       0.131515
247                0.037893       0.018148       0.106571       0.056177
248                0.022804       0.019757       0.064138       0.057361
249                0.051385       0.027455       0.144460       0.083784
250                0.021103       0.015775       0.059422       0.046845
251                0.104394       0.030204       0.293518       0.103964
252                0.035630       0.028546       0.100202       0.084216
253                0.036108       0.026696       0.101596       0.079303
254                0.033062       0.027384       0.093437       0.082038
255                0.092845       0.062797       0.260981       0.187894
256                0.466395       0.032329       1.314453       0.289593
257                0.504381       0.059097       1.418367       0.327372
258                0.267357       0.151419       0.759913       0.471204
259                0.159294       0.087378       0.446895       0.260885
260                2.555096       0.352816       7.191192       1.768625
261                0.147729       0.129399       0.415841       0.380867
262                1.387295       0.587060       3.897337       1.821962
263                1.531470       0.306631       4.305228       1.218264
264                0.093795       0.088036       0.255841       0.233632
265                0.076568       0.065910       0.213570       0.188307
266                0.094455       0.036743       0.267356       0.120823
267                0.060917       0.042259       0.171987       0.127846
268                0.052108       0.033399       0.146968       0.101169
269                0.034651       0.023863       0.098232       0.072815
270                0.090205       0.027546       0.254501       0.095678
271                0.062780       0.041661       0.177857       0.127009
272                0.123257       0.101056       0.336421       0.275185
273                0.085083       0.048407       0.239591       0.147265
274                0.138583       0.077551       0.397630       0.249221
275                0.195940       0.109245       0.542248       0.311684
276                2.769332       0.438941       7.819354       2.095494
277                0.197955       0.050357       0.555440       0.178310
278                0.137445       0.044753       0.388158       0.154856
279                0.354071       0.030214       0.996061       0.216017
280                0.376469       0.047592       1.057031       0.242684
281                4.540256       0.300710      12.806961       2.854243
282                0.123187       0.041791       0.346832       0.140421
283                0.132604       0.033707       0.374805       0.128655
284                0.106982       0.024007       0.300403       0.090155
285                0.151868       0.082403       0.420594       0.240383
286                0.072378       0.055542       0.205896       0.172676
287                0.383939       0.294100       1.088714       0.889524
288                0.477215       0.343263       1.376467       1.174594
289                0.139500       0.046436       0.394170       0.172445
290                0.795487       0.576308       2.299291       1.845666
291                0.182181       0.090889       0.502867       0.265763
292                0.094090       0.029816       0.260255       0.091558
293                0.608005       0.369272       1.690348       1.081930
294                0.036975       0.026929       0.104412       0.080689
295                0.254511       0.043882       0.713172       0.179595
296                0.210391       0.037121       0.593011       0.163782
297                0.165530       0.034371       0.466122       0.137432
298                0.091364       0.013623       0.257503       0.066482
299                2.023533       0.248376       5.696161       1.357815
300                0.163079       0.022108       0.460041       0.116893
301                1.900228       0.176885       5.354541       1.227025
302                0.019103       0.014439       0.053621       0.042471
303                0.179820       0.070589       0.507604       0.231210
304                0.033848       0.022582       0.095638       0.068351
305                0.122099       0.028683       0.344232       0.109822
306                0.038929       0.028245       0.109890       0.084955
307                0.046796       0.031588       0.132090       0.095806
308                0.114155       0.080429       0.321800       0.241936
309                0.398751       0.090991       1.125632       0.359517
310                5.750907       0.228156      16.223558       3.531514
311                0.115676       0.070272       0.327885       0.217937
312                0.059231       0.035693       0.165712       0.105631
313                0.078946       0.090451       0.215524       0.249613
314                0.117790       0.079309       0.331434       0.236963
315                3.692117       0.329969      10.415090       2.417061
316                3.761740       0.941788      10.658638       3.735881
317                0.080766       0.061003       0.229499       0.186069
318                0.109183       0.048252       0.311339       0.159719
319                0.190407       0.069738       0.538593       0.236260
320                0.039158       0.027200       0.109215       0.078835
321                0.273777       0.069015       0.772641       0.259747
322                0.398369       0.071557       1.123864       0.316760
323                8.317847       0.446840      23.476730       5.240284
324                1.135885       0.169363       3.207398       0.853780
325                0.093825       0.068908       0.265735       0.210311
326                0.171163       0.134009       0.481216       0.395668
327               20.152035       2.059399      56.884975      13.681062
328                0.124822       0.061970       0.351555       0.191796
329                0.488317       0.141614       1.369948       0.478899
330                0.200704       0.045916       0.566229       0.178495
331                2.347050       0.212175       6.611219       1.492245
332                0.086343       0.035546       0.244395       0.116677
333                0.115210       0.079697       0.325545       0.239008
334                0.038851       0.026134       0.109471       0.077975
335                0.033058       0.025038       0.092835       0.073757
336                0.090863       0.035563       0.254875       0.112995
337                0.230697       0.125057       0.651562       0.379747
338                0.138494       0.088422       0.388685       0.256684
339                0.089754       0.079766       0.251403       0.224298
340                0.078119       0.054968       0.217491       0.158757
341                0.182957       0.134694       0.516424       0.396885
342                0.373859       0.189318       1.058522       0.587910
343                0.419630       0.136801       1.181150       0.457737
344                0.755910       0.101126       2.132084       0.538978
345                1.825572       1.430479       5.239850       4.659601
346                1.910681       0.645751       5.403811       2.182368
347                0.607988       0.070420       1.709943       0.394411
348                0.963371       0.182062       2.708721       0.738700
349                3.400237       1.673493       9.407516       4.799316
350                0.584163       0.073902       1.644985       0.397732
351                0.059932       0.042245       0.168327       0.125341
352                0.406950       0.145757       1.146473       0.483640
353                0.178385       0.110645       0.502055       0.334386
354                0.151161       0.099742       0.434892       0.320706
355                0.601964       0.217718       1.716468       0.784534
356                3.311912       1.159219       9.375752       3.922319
357                0.292321       0.243505       0.812536       0.724394
358                1.975568       0.781796       5.638901       2.723060
359                4.236332       1.967398      12.262804       6.708063
360                1.913835       0.658745       5.492482       2.479381
361                0.514324       0.358031       1.464597       1.175551
362                4.578800       1.728492      12.923863       5.743577
363                1.042402       0.426878       2.927636       1.359156
364                1.374187       0.245647       3.877466       1.097285
365                8.264825       0.506626      23.295065       5.063338
366                0.188117       0.128169       0.528072       0.380074
367                0.495682       0.162902       1.398942       0.557063
368                4.093666       1.752225      11.462938       5.409491
369                0.219128       0.150763       0.616730       0.450734
370                0.641133       0.084916       1.805094       0.441029
371                5.236517       0.996997      14.715865       4.072427
372                2.030420       1.541279       5.609745       4.291115
373                0.689376       0.089452       1.938938       0.460954
374                0.227567       0.092214       0.643638       0.302637
375                0.502595       0.250328       1.409289       0.762871
376                4.129279       1.013773      11.628147       3.785115
377                0.127076       0.084126       0.357369       0.251760
378                0.374156       0.079280       1.053532       0.314215
379                0.222510       0.089714       0.626139       0.288203
380                2.380212       0.409566       6.708120       1.839221
381                1.903270       0.305422       5.360808       1.412851
382                0.131103       0.036057       0.369599       0.129782
383                0.142027       0.033359       0.400103       0.127092
384                1.589042       0.338842       4.477571       1.353492
385                2.055307       0.182409       5.793194       1.324896
386                0.208473       0.037997       0.587720       0.166045
387                1.458199       0.195118       4.111201       1.037634
388                0.057045       0.028034       0.161390       0.088676
389                0.125693       0.026813       0.354442       0.107945
390                0.122255       0.017463       0.344825       0.089192
391                1.736727       0.126223       4.895168       1.088355
392                0.058416       0.030027       0.164912       0.093558
393                0.061642       0.035999       0.174601       0.111973
394                0.037785       0.025723       0.107017       0.079712
395                0.024130       0.018896       0.068232       0.056195
396                0.074245       0.024208       0.209694       0.083494
397                0.041763       0.032228       0.118093       0.096919
398                0.266450       0.022398       0.751411       0.171656
399                0.070992       0.048191       0.200723       0.147128
400                0.288136       0.067624       0.813284       0.262441
401                0.111811       0.072236       0.315582       0.219966
402                0.269973       0.158267       0.761381       0.487171
403                0.151161       0.074079       0.425797       0.229574
404                2.028888       0.150887       5.711543       1.242525
405                1.536573       0.202905       4.338474       1.116829
406                0.230166       0.100686       0.648462       0.320589
407                0.110079       0.054472       0.309504       0.167525
408                0.354645       0.208098       1.010840       0.644929
409                0.213742       0.088480       0.597766       0.272294
410                0.033490       0.026401       0.093535       0.075760
411                0.049744       0.037559       0.139285       0.109415
412                0.078062       0.014761       0.219521       0.060141
413                0.025102       0.018960       0.070660       0.056274
414                0.030336       0.017364       0.085414       0.052724
415                0.053095       0.038500       0.148715       0.111819
416                1.311640       0.183975       3.699361       0.950631
417                0.540693       0.124149       1.521221       0.470489
418                0.062966       0.031462       0.177647       0.098554
419                1.393460       0.274756       3.927879       1.147599
420                0.152823       0.073383       0.431145       0.231644
421                0.094765       0.066417       0.265036       0.195588
422                1.367836       0.270339       3.851891       1.108408
423                0.130341       0.036138       0.367096       0.129200
424                0.048436       0.021647       0.136222       0.067898
425                1.068831       0.292495       3.014563       1.061671
426                0.974049       0.248218       2.747659       0.929067
427                0.110089       0.017197       0.309907       0.079997
428                0.080057       0.009002       0.225568       0.053563
429                0.045131       0.034069       0.127436       0.102016
430                0.841562       0.343336       2.373259       1.115981
431                0.111645       0.047431       0.315436       0.153385
432                0.251881       0.184419       0.709535       0.551192
433                0.041976       0.029042       0.117821       0.086254
434                0.052251       0.044505       0.148833       0.134833
435                0.055451       0.039374       0.157171       0.120380
436                1.908730       0.689667       5.358782       2.212302
